486,9
0,540
181,310
0,519
2,85
2,84
2,83
2,82
2,81
2,80
2,79
2,78
2,77
2,76
2,75
2,74
2,73
2,72
2,71
2,70
2,69
2,68
2,67
2,66
2,65
2,64
2,35
2,34
2,33
2,32
2,31
2,30
2,29
2,28
2,27
2,26
2,25
2,24
2,23
2,22
2,21
2,20
2,19
2,18
2,17
2,16
2,15
2,14
2,13
2,12
2,11
2,10
2,9
2,8
2,7
2,6
2,5
2,4
2,3
1,8
1,7
1,6
1,5
1,4
1,3
0,632
0,631
0,626
0,566
0,533
0,529
0,517
0,498
0,494
0,476
0,474
0,472
0,469
0,454
0,453
0,452
0,449
0,448
0,447
0,446
0,445
0,440
0,428
0,389
0,387
0,366
0,343
0,328
0,243
0,9
0,0
0,1
0,570
0,569
0,331
0,480
0,511
0,510
0,509
0,444
0,400
0,575
0,542
0,577
0,451
0,484
0,530
0,355
0,300
0,622
0,299
0,538
0,298
0,526
0,297
0,599
0,296
0,598
0,295
0,593
0,294
0,525
0,293
0,380
0,292
0,532
0,291
0,383
0,290
0,628
0,289
0,340
0,288
0,616
0,287
0,375
0,286
0,609
0,285
0,284
0,537
0,283
0,354
0,282
0,613
0,281
0,350
0,280
0,625
0,279
0,373
0,278
0,382
0,277
0,592
0,276
0,608
0,275
0,520
0,274
0,524
0,273
0,531
0,272
0,345
0,271
0,365
0,270
0,602
0,269
0,615
0,268
2,86
2,87
2,89
2,90
2,92
2,93
2,96
2,98
2,99
2,101
2,103
2,106
2,108
2,109
2,112
2,113
2,116
2,117
2,120
4,3
5,0
5,3
5,4
5,6
5,8
6,0
6,3
6,4
6,6
6,7
6,9
6,11
6,12
6,15
6,16
6,19
6,21
6,22
7,0
7,1
7,9
7,12
7,21
8,3
8,10
8,21
9,0
9,3
10,0
10,3
11,1
11,3
12,3
13,0
13,3
14,0
14,1
14,5
14,6
15,1
15,5
16,0
16,4
16,5
17,0
17,4
17,7
18,1
18,3
19,0
19,1
19,3
20,1
20,3
21,3
21,4
22,1
22,5
23,0
23,4
23,5
24,3
24,4
24,9
24,14
24,15
25,3
26,0
26,3
27,1
28,0
28,3
29,0
29,5
30,1
30,3
31,0
31,1
32,1
32,3
33,0
33,5
34,0
35,0
35,1
35,5
36,3
36,5
37,4
37,5
38,1
38,3
39,3
39,5
40,0
40,4
41,1
41,3
42,2
42,3
42,6
42,7
43,1
43,3
43,5
43,8
43,10
43,12
43,14
43,17
44,0
44,2
44,4
45,0
45,3
45,4
46,0
47,0
47,1
48,0
48,1
49,1
50,0
50,1
51,1
51,3
52,1
53,1
53,3
54,1
54,3
55,1
56,0
56,5
57,2
57,3
57,6
58,0
59,0
59,3
59,5
59,7
59,9
60,0
60,1
61,0
62,0
62,1
63,0
63,1
64,1
64,6
64,8
64,10
65,1
65,5
65,7
65,10
65,16
65,18
65,20
65,22
65,26
65,30
65,32
65,37
65,38
66,0
66,4
66,5
67,1
67,3
68,3
69,0
70,0
70,4
71,0
71,6
72,0
72,4
73,0
73,3
74,1
74,3
75,1
75,3
76,3
77,1
78,0
78,3
79,0
79,4
80,3
80,5
81,3
82,0
82,3
83,1
84,0
85,0
85,1
86,1
86,3
87,3
88,1
88,3
89,3
90,0
90,3
91,0
92,0
92,3
93,0
94,0
94,1
95,0
96,0
96,1
97,0
97,1
98,0
99,0
99,1
100,0
100,1
101,0
101,3
102,1
103,0
103,1
103,5
103,8
104,1
104,5
105,0
106,0
106,1
107,0
107,1
108,0
109,0
109,1
110,0
110,1
111,1
112,1
112,3
113,3
113,4
115,1
115,3
115,6
116,3
116,5
117,3
118,0
118,3
119,0
119,1
120,0
120,3
121,1
121,6
122,0
123,0
123,1
124,0
124,1
124,4
125,0
125,1
126,1
126,3
127,3
128,3
129,0
129,3
130,0
130,3
131,1
132,1
133,1
133,3
133,6
133,7
133,10
134,0
134,3
135,3
136,0
136,3
137,0
138,0
138,3
139,0
139,3
140,1
140,4
141,3
141,4
142,0
142,1
142,6
143,3
144,1
145,0
145,3
145,5
145,7
145,10
145,12
145,13
146,1
146,3
146,5
146,7
147,0
147,5
148,0
149,0
149,1
150,0
151,0
151,1
152,0
152,1
153,0
154,0
154,2
154,7
155,0
155,3
156,1
157,0
157,3
158,1
159,0
159,1
160,0
161,0
161,1
162,0
162,1
162,5
163,1
164,0
165,0
165,1
166,0
166,1
167,0
167,3
168,1
169,0
169,3
170,0
170,3
171,0
171,3
172,0
172,3
173,0
173,3
174,3
175,0
175,3
176,0
176,6
177,3
178,0
178,3
179,1
180,0
180,1
180,4
181,0
181,1
181,3
181,5
181,13
181,65
181,98
181,106
181,108
181,122
181,134
181,157
181,213
181,215
181,255
181,258
181,278
181,290
181,291
181,293
181,295
181,297
181,300
181,302
181,304
181,305
181,307
181,308
181,345
181,398
181,399
181,429
181,430
181,509
182,1
183,0
184,0
184,1
185,1
186,0
187,0
187,3
188,0
188,4
188,5
189,1
189,6
190,1
191,1
191,3
192,3
193,1
194,0
194,4
195,1
196,0
196,3
197,0
198,0
198,1
199,1
199,4
200,1
201,0
201,4
202,0
202,3
203,1
204,0
204,3
205,3
206,0
206,3
207,1
208,0
208,3
209,0
209,4
209,6
210,3
210,4
211,1
212,0
212,1
213,0
213,1
213,5
214,4
214,5
215,3
216,0
216,3
216,5
217,1
218,0
218,2
218,5
219,0
219,4
220,3
221,1
221,3
221,8
222,1
222,4
223,1
224,3
224,4
225,1
225,2
226,1
227,0
227,1
227,6
228,0
228,2
229,0
229,1
229,4
230,0
230,3
230,7
231,3
232,3
232,4
233,1
233,4
234,2
234,5
235,1
235,4
236,1
236,5
237,0
237,6
238,3
239,0
239,3
239,4
240,1
241,0
241,1
241,3
242,0
242,4
243,0
244,0
244,3
245,0
245,2
245,3
246,2
247,1
247,2
248,0
248,1
249,0
249,1
249,4
250,1
250,3
251,1
251,3
252,0
252,3
252,4
253,2
253,3
254,0
254,3
255,0
255,3
256,1
257,0
257,1
258,0
258,4
259,0
259,3
259,4
260,1
261,0
261,2
262,0
262,2
263,1
263,3
264,0
264,4
265,0
265,3
265,4
266,1
267,0
267,3
268,1
268,3
269,3
270,1
271,0
271,5
272,0
272,3
272,6
273,3
274,1
274,3
275,3
275,4
276,2
276,5
277,0
277,3
278,0
278,3
279,0
279,3
280,1
280,3
281,1
281,2
282,0
282,6
283,0
283,6
283,7
284,2
284,4
285,2
286,0
286,3
287,1
287,3
288,1
288,6
289,0
289,4
289,5
290,0
290,1
291,0
291,2
291,3
292,2
292,3
293,0
293,2
293,3
294,3
294,4
295,1
296,0
296,1
297,1
297,3
298,1
298,3
299,3
300,1
300,2
300,6
301,0
301,3
302,0
302,1
302,6
303,0
303,3
303,4
304,1
304,5
305,0
305,3
306,0
306,2
306,4
307,0
307,3
307,6
308,1
308,3
308,8
309,1
309,3
310,0
310,1
310,4
311,0
311,1
311,6
312,0
312,2
312,3
312,7
313,1
313,3
314,1
314,2
314,6
315,1
315,3
316,0
316,1
316,4
317,1
317,3
317,5
318,0
318,2
318,3
319,1
320,0
320,1
320,4
321,0
321,3
322,1
322,2
322,4
323,0
323,2
323,3
323,7
324,1
324,2
325,0
325,1
325,4
326,1
326,3
327,0
327,1
327,3
327,4
328,1
328,3
328,4
329,1
329,2
329,5
330,1
330,3
330,5
331,0
331,3
331,5
332,0
332,2
332,3
333,0
333,1
333,6
334,1
334,2
334,4
335,0
335,3
336,1
336,3
337,0
337,1
337,4
337,5
338,0
338,3
339,0
339,2
339,3
340,0
340,3
341,0
341,3
342,0
342,2
342,3
343,1
344,0
344,1
344,4
345,0
345,2
346,0
346,1
347,0
347,1
347,3
347,6
348,1
348,6
348,7
349,1
349,3
350,1
351,0
351,1
351,4
352,0
352,3
353,1
353,3
354,1
354,3
355,1
355,3
356,1
356,6
356,7
357,1
357,2
358,0
358,3
358,4
359,0
359,1
359,3
359,4
360,1
360,4
360,6
361,1
361,2
362,0
362,3
362,4
363,0
363,1
364,0
364,1
365,0
365,3
366,0
366,3
366,4
367,0
367,2
367,3
368,0
368,1
368,4
369,1
369,3
370,1
370,2
371,0
371,1
371,3
372,0
372,1
372,4
373,0
373,2
373,4
374,0
374,2
374,3
375,1
375,3
376,1
376,4
377,0
377,3
377,4
378,0
378,2
378,3
379,0
379,1
379,4
380,0
380,2
380,5
380,6
381,1
381,3
381,5
382,1
382,3
382,6
382,7
383,1
383,2
383,5
384,1
384,3
385,0
385,1
385,4
386,0
386,1
387,0
387,1
387,4
388,1
388,3
389,1
389,3
390,1
390,3
391,0
391,3
391,4
392,1
392,2
393,0
393,2
393,3
394,0
394,1
394,4
395,0
395,2
395,5
396,0
396,3
396,4
397,1
397,5
398,0
398,3
398,5
399,1
399,3
399,6
400,1
400,2
401,0
401,1
401,4
402,1
402,2
402,5
403,0
403,3
404,0
404,1
404,3
404,4
405,1
405,2
405,4
405,6
405,7
406,1
406,2
407,0
407,2
407,3
408,0
408,1
408,4
409,0
409,3
409,5
410,0
410,2
410,3
411,1
412,0
412,1
412,4
413,0
413,2
413,3
413,7
414,1
414,3
415,0
415,1
415,4
416,1
416,3
417,1
417,2
417,5
419,1
419,3
419,7
419,9
421,1
421,3
423,0
424,0
425,0
426,0
426,3
428,0
428,3
429,1
430,2
431,0
431,3
431,6
432,1
432,3
433,0
433,2
433,3
433,10
434,0
434,1
434,3
434,4
435,1
435,3
436,0
436,3
436,4
437,1
437,3
438,0
438,3
438,6
439,1
439,3
440,0
440,1
440,3
441,0
441,1
441,4
442,0
442,2
443,0
443,1
444,0
444,1
444,4
444,6
444,7
445,1
445,2
446,0
446,1
447,0
447,3
448,0
448,3
448,4
449,0
449,2
449,3
450,1
450,2
450,5
450,7
451,1
451,3
452,0
452,3
452,4
453,0
453,2
453,3
454,0
454,1
454,4
454,6
455,1
455,3
455,4
456,1
456,2
457,0
457,3
457,4
458,0
458,1
458,4
459,0
459,1
459,3
459,4
460,0
460,1
461,0
461,2
461,3
461,5
462,0
462,2
463,0
463,1
463,4
463,5
464,1
464,2
464,4
465,1
465,3
466,0
466,1
466,5
467,1
467,2
468,0
468,1
468,4
469,0
469,3
469,5
470,0
470,2
470,3
471,0
471,3
471,4
472,1
472,3
473,1
473,3
474,1
474,3
474,5
475,0
475,1
475,3
476,1
476,2
477,0
477,1
477,4
478,1
478,3
479,0
479,1
479,3
479,4
480,1
481,0
481,1
482,0
482,1
483,0
483,3
484,0
484,3
485,0
485,3
486,0
486,2
486,4
486,5
486,7
486,8
486,10
486,12
486,13
486,15
486,16
486,18
491,0
491,2
491,4
5,9
42,1
42,4
22,0
22,4
6,17
140,0
141,6
65,4
59,4
59,8
10,1
124,3
40,1
17,1
15,0
57,5
43,0
66,3
64,5
16,6
220,1
133,0
133,8
284,0
45,1
68,1
70,3
44,5
41,4
142,4
2,115
2,105
6,13
66,6
65,21
246,0
246,3
118,4
2,102
24,5
36,1
31,3
33,3
38,0
39,1
37,0
37,3
145,9
145,6
218,4
179,0
179,3
207,0
209,3
181,4
181,423
286,1
289,3
287,0
43,13
148,1
104,0
13,1
150,3
79,3
81,0
84,1
85,3
271,3
273,0
276,3
111,0
111,3
113,0
115,5
117,5
201,3
185,3
188,3
18,5
137,5
137,1
201,5
113,5
117,0
115,0
133,4
275,1
276,0
237,1
83,0
80,1
161,3
103,4
288,0
289,1
162,3
203,3
207,4
12,1
218,6
218,1
145,1
38,6
35,3
32,0
24,10
24,0
116,1
18,0
67,4
132,0
14,3
41,0
69,1
45,5
44,1
284,3
134,1
219,3
16,1
56,1
15,3
17,5
21,1
65,35
65,11
65,0
141,0
23,1
59,11
57,1
491,3
491,1
486,17
486,14
486,11
486,6
486,3
486,1
485,1
484,1
483,1
482,3
481,3
480,3
480,0
479,2
478,4
478,0
477,3
476,3
476,0
475,2
474,7
474,2
474,0
473,0
472,0
471,1
470,5
470,1
469,4
469,1
468,3
467,3
467,0
466,3
465,4
465,0
464,3
464,0
463,3
462,3
462,1
461,4
461,1
460,3
459,5
459,2
458,5
458,3
457,5
457,1
456,3
456,0
455,2
455,0
454,3
453,4
453,1
452,5
452,1
451,2
451,0
450,3
450,0
449,1
448,6
448,1
447,1
446,3
445,3
445,0
444,5
444,3
443,3
442,3
442,1
441,3
440,5
440,2
439,4
439,0
438,1
437,4
437,0
436,1
435,6
435,0
434,2
433,11
433,6
433,1
432,2
432,0
431,1
430,0
428,1
427,1
425,3
423,3
422,2
420,2
419,4
419,0
417,3
417,0
416,0
415,3
414,4
414,0
413,4
413,1
412,3
411,3
411,0
410,1
409,4
409,1
408,3
407,4
407,1
406,3
406,0
405,5
405,3
405,0
404,2
403,4
403,1
402,3
402,0
401,3
400,3
400,0
399,4
399,0
398,1
397,3
397,0
396,1
395,3
395,1
394,3
393,5
393,1
392,3
392,0
391,1
390,6
390,0
389,0
388,0
387,3
386,3
385,5
385,3
384,6
384,0
383,3
383,0
382,4
382,0
381,4
381,0
380,3
380,1
379,3
378,5
378,1
377,6
377,1
376,3
376,0
375,0
374,1
373,3
373,1
372,3
371,5
371,2
370,3
370,0
369,0
368,3
367,5
367,1
366,6
366,1
365,1
364,3
363,3
362,5
362,1
361,3
361,0
360,3
360,0
359,2
358,6
358,1
357,3
357,0
356,3
356,0
355,0
354,0
353,0
352,1
351,3
350,3
350,0
349,0
348,3
348,0
347,2
346,3
345,3
345,1
344,3
343,3
343,0
342,1
341,1
340,1
339,6
339,1
338,1
337,6
337,3
336,4
336,0
335,1
334,3
334,0
333,3
332,4
332,1
331,4
331,1
330,4
330,0
329,3
329,0
328,2
328,0
327,2
326,4
326,0
325,3
324,3
324,0
323,4
323,1
322,3
322,0
321,1
320,3
319,3
319,0
318,1
317,4
317,0
316,3
315,5
315,0
314,3
314,0
313,0
312,4
312,1
311,3
310,5
310,3
309,6
309,0
308,6
308,0
307,1
306,3
306,1
305,1
304,3
304,0
303,1
302,3
301,4
301,1
300,3
300,0
299,1
298,0
297,0
295,3
295,0
294,1
293,1
292,5
292,1
291,1
290,3
289,8
289,2
288,3
287,5
286,4
285,4
285,0
284,1
283,1
282,3
281,3
281,0
279,6
279,1
278,1
277,2
276,4
276,1
275,0
274,0
273,1
272,1
271,1
270,2
269,0
267,4
266,3
266,0
265,1
264,1
263,4
262,3
261,3
260,3
260,0
259,1
258,1
257,4
256,3
255,2
254,2
253,4
253,1
252,1
251,6
251,0
250,0
249,2
248,3
247,3
246,4
246,1
245,1
244,1
243,1
242,3
241,2
240,2
240,0
239,1
238,0
237,3
236,3
235,3
234,3
234,0
233,0
232,0
231,1
230,1
229,2
228,3
228,1
227,5
226,4
226,0
225,0
224,0
223,0
222,0
221,2
220,0
219,1
218,3
217,3
216,6
216,2
215,1
214,1
213,4
212,3
211,4
211,0
210,0
209,1
208,1
207,3
206,1
205,0
204,1
203,0
201,6
201,1
200,0
198,3
197,1
196,4
195,4
194,3
193,3
192,0
190,3
189,4
188,6
188,1
187,1
186,1
185,0
183,1
182,0
181,508
181,427
181,386
181,309
181,306
181,303
181,299
181,296
181,292
181,285
181,265
181,216
181,201
181,156
181,115
181,101
181,52
181,6
181,2
180,5
180,3
179,4
178,1
177,0
176,1
175,1
174,0
173,1
172,1
171,1
170,1
169,4
168,3
167,1
166,3
165,6
164,1
163,3
162,4
161,5
160,3
159,3
158,3
157,1
156,3
155,1
154,3
153,3
152,3
151,5
150,1
149,3
148,3
147,3
146,6
146,4
146,0
145,11
145,8
145,4
144,3
143,0
142,3
141,5
141,1
140,3
139,1
138,1
137,3
136,1
135,1
133,11
133,9
133,5
132,3
131,3
130,1
129,1
128,0
127,1
126,0
124,5
124,2
123,3
122,1
121,3
121,0
119,3
118,6
118,1
117,1
116,0
115,4
113,7
113,1
112,0
110,3
109,3
108,1
107,3
106,3
105,1
104,3
103,9
103,3
102,3
102,0
100,3
99,3
98,1
97,3
96,3
95,1
94,3
93,3
92,1
91,3
90,1
89,1
88,0
87,1
86,0
84,3
83,3
82,1
81,1
80,0
79,1
78,1
77,0
76,1
75,0
74,0
72,5
72,3
71,1
70,1
69,3
68,0
67,0
66,1
65,41
65,33
65,27
65,23
65,19
65,15
65,9
65,3
64,9
